function bits = fill_adda_ctr_program_store()
  bits = [ ...
    196878, 197144, 1315, 197166, 196990, 197072, 197072, 197161, 0, 188422, 188428, 188430, 196965, 1, 188420, 188421, ...
    213125, 4095, 245761, 86015, 217107, 25088, 25345, 17, 295, 196819, 132358, 108032, 108288, 75648, 218143, 59135, ...
    59391, 99841, 108288, 25088, 25345, 25604, 239, 472, 82945, 217152, 119, 492, 82946, 217152, 48, 504, ...
    82947, 217152, 24, 508, 82949, 217152, 12, 510, 82950, 217152, 56, 511, 82945, 217152, 156, 511, ...
    196819, 132358, 108032, 108288, 99954, 108294, 25088, 25345, 17152, 16896, 131594, 131848, 131594, 131848, 74368, 218199, ...
    10, 399, 119088, 127008, 188430, 188684, 213090, 58367, 58111, 99073, 107008, 41475, 10, 399, 102704, 110624, ...
    188430, 188684, 3072, 27406, 27148, 196937, 213009, 196849, 25866, 99632, 197102, 1326, 197102, 25865, 99632, 197102, ...
    25864, 99632, 197102, 25863, 99632, 197102, 1312, 197102, 172032, 245760, 24580, 98305, 81928, 218245, 7, 213125, ...
    245760, 24580, 114689, 218245, 1, 188420, 25093, 131590, 131590, 131590, 131590, 53760, 196881, 1296, 197166, 1351, ...
    197102, 1341, 197102, 1325, 197102, 24580, 81921, 218271, 1329, 197102, 1312, 197102, 1312, 197102, 213202, 81922, ...
    218280, 1330, 197102, 1312, 197102, 1312, 197102, 213202, 81923, 218289, 1333, 197102, 1312, 197102, 1312, 197102, ...
    213202, 81924, 218298, 1329, 197102, 1328, 197102, 1312, 197102, 213202, 81925, 218307, 1330, 197102, 1328, 197102, ...
    1312, 197102, 213202, 81926, 218316, 1333, 197102, 1328, 197102, 1312, 197102, 213202, 1329, 197102, 1328, 197102, ...
    1328, 197102, 213009, 1792, 1536, 1280, 1024, 2048, 74624, 217307, 2303, 6528, 2575, 131342, 131080, 220388, ...
    103456, 111920, 112256, 112528, 131590, 131840, 133120, 133376, 117249, 218333, 73729, 220400, 119840, 128304, 128640, 128912, ...
    172032, 5, 2055, 196857, 193664, 100353, 114689, 218355, 172032, 5216, 5488, 1536, 1792, 512, 928, 269, ...
    119840, 128304, 219397, 132615, 213256, 103456, 111920, 132614, 132864, 131854, 131592, 114945, 218368, 172032, 174, 180232, ...
    172032, 196878, 57352, 180232, 264, 180740, 57345, 180232, 17153, 74560, 131584, 57345, 180232, 114945, 218389, 57352, ...
    180232, 172032, 196878, 57360, 180232, 57360, 180232, 290, 57345, 180232, 57345, 180232, 17153, 74624, 132608, 132864, ...
    133120, 133376, 114945, 218408, 133386, 133128, 133386, 133128, 132874, 132616, 132874, 132616, 172032, 264, 180740, 57345, ...
    180232, 57345, 17153, 74624, 131584, 180232, 114945, 218430, 172032, 196878, 57376, 180232, 512, 196925, 6432, 4800, ...
    41487, 49712, 196925, 6176, 133638, 133888, 133638, 133888, 133638, 133888, 133638, 133888, 4784, 196925, 5920, 4768, ...
    196925, 5664, 57376, 180232, 172032, 196878, 57472, 180232, 57472, 180232, 172032, 1360, 197102, 1385, 197102, 1379, ...
    197102, 1391, 197102, 1346, 197102, 1388, 197102, 1377, 197102, 1402, 197102, 1381, 197102, 172032, 1345, 197102, ...
    1348, 197102, 1347, 197102, 1312, 197102, 1347, 197102, 1391, 197102, 1390, 197102, 1396, 197102, 1394, 197102, ...
    1391, 197102, 1388, 197102, 172032, 1366, 197102, 1345, 197102, 1341, 197102, 172032, 1345, 197102, 1327, 197102, ...
    1348, 197102, 1341, 197102, 172032, 4352, 131086, 131086, 131086, 131086, 197041, 4608, 4112, 40975, 197041, 4352, ...
    172032, 114698, 219572, 98311, 98362, 172032, 197029, 5648, 5408, 197102, 5472, 197102, 172032, 11, 114689, 218558, ...
    172032, 296, 197053, 114945, 218562, 172032, 537, 197057, 115201, 218567, 172032, 788, 197062, 115457, 218572, 172032, ...
    1074, 197067, 115713, 218577, 172032, 58369, 181312, 197053, 58369, 181312, 172032, 42232, 181312, 197077, 172032, 5200, ...
    42224, 50184, 197083, 197053, 5200, 132103, 132102, 132102, 132102, 197083, 197057, 1264, 181312, 172032, 5200, 42224, ...
    50188, 181312, 197077, 197053, 5200, 132103, 132103, 132102, 132102, 181312, 197077, 197057, 1264, 181312, 172032, 1038, ...
    181312, 58369, 181312, 197053, 17666, 58369, 181312, 197053, 58369, 181312, 197053, 16386, 58369, 181312, 42480, 131086, ...
    131086, 131086, 131086, 54528, 1028, 181312, 197057, 172032, 197067, 1072, 197083, 197067, 197083, 197062, 197083, 197057, ...
    1056, 197083, 197057, 1320, 197087, 1286, 197087, 1292, 197087, 1281, 197087, 197062, 197062, 172032, 75024, 217652, ...
    42255, 50560, 197087, 172032, 42255, 50624, 197087, 172032, 196898, 190464, 190721, 189954, 190211, 182400, 182656, 3840, ...
    229377, 0, 0, 0, 0, 0, 0, 0, 0, 0, 0, 0, 0, 0, 0, 0, ...
    0, 0, 0, 0, 0, 0, 0, 0, 0, 0, 0, 0, 0, 0, 0, 0, ...
    0, 0, 0, 0, 0, 0, 0, 0, 0, 0, 0, 0, 0, 0, 0, 0, ...
    0, 0, 0, 0, 0, 0, 0, 0, 0, 0, 0, 0, 0, 0, 0, 0, ...
    0, 0, 0, 0, 0, 0, 0, 0, 0, 0, 0, 0, 0, 0, 0, 0, ...
    0, 0, 0, 0, 0, 0, 0, 0, 0, 0, 0, 0, 0, 0, 0, 0, ...
    0, 0, 0, 0, 0, 0, 0, 0, 0, 0, 0, 0, 0, 0, 0, 0, ...
    0, 0, 0, 0, 0, 0, 0, 0, 0, 0, 0, 0, 0, 0, 0, 0, ...
    0, 0, 0, 0, 0, 0, 0, 0, 0, 0, 0, 0, 0, 0, 0, 0, ...
    0, 0, 0, 0, 0, 0, 0, 0, 0, 0, 0, 0, 0, 0, 0, 0, ...
    0, 0, 0, 0, 0, 0, 0, 0, 0, 0, 0, 0, 0, 0, 0, 0, ...
    0, 0, 0, 0, 0, 0, 0, 0, 0, 0, 0, 0, 0, 0, 0, 0, ...
    0, 0, 0, 0, 0, 0, 0, 0, 0, 0, 0, 0, 0, 0, 0, 0, ...
    0, 0, 0, 0, 0, 0, 0, 0, 0, 0, 0, 0, 0, 0, 0, 0, ...
    0, 0, 0, 0, 0, 0, 0, 0, 0, 0, 0, 0, 0, 0, 0, 0, ...
    0, 0, 0, 0, 0, 0, 0, 0, 0, 0, 0, 0, 0, 0, 0, 0, ...
    0, 0, 0, 0, 0, 0, 0, 0, 0, 0, 0, 0, 0, 0, 0, 0, ...
    0, 0, 0, 0, 0, 0, 0, 0, 0, 0, 0, 0, 0, 0, 0, 0, ...
    0, 0, 0, 0, 0, 0, 0, 0, 0, 0, 0, 0, 0, 0, 0, 0, ...
    0, 0, 0, 0, 0, 0, 0, 0, 0, 0, 0, 0, 0, 0, 0, 0, ...
    0, 0, 0, 0, 0, 0, 0, 0, 0, 0, 0, 0, 0, 0, 0, 0, ...
    0, 0, 0, 0, 0, 0, 0, 0, 0, 0, 0, 0, 0, 0, 0, 0, ...
    0, 0, 0, 0, 0, 0, 0, 0, 0, 0, 0, 0, 0, 0, 0, 0, ...
    0, 0, 0, 0, 0, 0, 0, 0, 0, 0, 0, 0, 0, 0, 0, 0, ...
    0, 0, 0, 0, 0, 0, 0, 0, 0, 0, 0, 0, 0, 0, 0, 0, ...
    0, 0, 0, 0, 0, 0, 0, 0, 0, 0, 0, 0, 0, 0, 0, 0, ...
    0, 0, 0, 0, 0, 0, 0, 0, 0, 0, 0, 0, 0, 0, 0, 0, ...
    0, 0, 0, 0, 0, 0, 0, 0, 0, 0, 0, 0, 0, 0, 0, 213560, ...
  ];

  return;
